31	35	19	22	20	6	29	6	0
35	19	36	36	5	1	26	27	2
19	36	16	35	13	29	9	11	13
22	36	35	26	11	13	3	34	6
20	5	13	11	33	23	1	34	5
6	1	29	13	23	7	18	25	18
29	26	9	3	1	18	30	0	35
6	27	11	34	34	25	0	17	15
0	2	13	6	5	18	35	15	35